0.000e+00 0.000e+00 
5.000e-13 2.408e-06 
1.000e-12 8.366e-06 
1.500e-12 1.141e-05 
2.000e-12 1.141e-05 
2.500e-12 1.076e-05 
3.000e-12 1.064e-05 
3.500e-12 1.088e-05 
4.000e-12 1.111e-05 
4.500e-12 1.124e-05 
5.000e-12 1.133e-05 
5.500e-12 1.139e-05 
6.000e-12 1.143e-05 
6.500e-12 1.147e-05 
7.000e-12 1.153e-05 
7.500e-12 1.158e-05 
8.000e-12 1.164e-05 
8.500e-12 1.169e-05 
9.000e-12 1.175e-05 
9.500e-12 1.181e-05 
1.000e-11 1.187e-05 
1.050e-11 1.194e-05 
1.100e-11 1.202e-05 
1.150e-11 1.209e-05 
1.200e-11 1.218e-05 
1.250e-11 1.227e-05 
1.300e-11 1.236e-05 
1.350e-11 1.246e-05 
1.400e-11 1.257e-05 
1.450e-11 1.269e-05 
1.500e-11 1.281e-05 
1.550e-11 1.294e-05 
1.600e-11 1.308e-05 
1.650e-11 1.323e-05 
1.700e-11 1.339e-05 
1.750e-11 1.356e-05 
1.800e-11 1.375e-05 
1.850e-11 1.394e-05 
1.900e-11 1.416e-05 
1.950e-11 1.438e-05 
2.000e-11 1.463e-05 
2.050e-11 1.219e-05 
2.100e-11 6.170e-06 
2.150e-11 2.075e-06 
2.200e-11 7.869e-07 
2.250e-11 8.045e-07 
2.300e-11 8.640e-07 
2.350e-11 7.513e-07 
2.400e-11 5.954e-07 
2.450e-11 4.533e-07 
2.500e-11 3.230e-07 
2.550e-11 2.163e-07 
2.600e-11 1.463e-07 
2.650e-11 1.104e-07 
2.700e-11 8.824e-08 
2.750e-11 6.804e-08 
2.800e-11 4.914e-08 
2.850e-11 3.507e-08 
2.900e-11 2.587e-08 
2.950e-11 1.969e-08 
3.000e-11 1.468e-08 
3.050e-11 1.065e-08 
3.100e-11 7.695e-09 
3.150e-11 5.740e-09 
3.200e-11 4.333e-09 
3.250e-11 3.237e-09 
3.300e-11 2.361e-09 
3.350e-11 1.725e-09 
3.400e-11 1.273e-09 
3.450e-11 9.534e-10 
3.500e-11 7.080e-10 
3.550e-11 5.217e-10 
3.600e-11 3.822e-10 
3.650e-11 2.832e-10 
3.700e-11 2.102e-10 
3.750e-11 1.562e-10 
3.800e-11 1.150e-10 
3.850e-11 8.484e-11 
3.900e-11 6.259e-11 
3.950e-11 4.651e-11 
4.000e-11 3.440e-11 
4.050e-11 2.545e-11 
4.100e-11 1.874e-11 
4.150e-11 1.388e-11 
4.200e-11 1.026e-11 
4.250e-11 7.608e-12 
4.300e-11 5.610e-12 
4.350e-11 4.152e-12 
4.400e-11 3.065e-12 
4.450e-11 2.273e-12 
4.500e-11 1.678e-12 
4.550e-11 1.242e-12 
4.600e-11 9.163e-13 
4.650e-11 6.791e-13 
4.700e-11 5.014e-13 
4.750e-11 3.713e-13 
4.800e-11 2.739e-13 
4.850e-11 2.030e-13 
4.900e-11 1.499e-13 
4.950e-11 1.110e-13 
5.000e-11 8.190e-14 
5.050e-11 6.066e-14 
5.100e-11 4.479e-14 
5.150e-11 3.318e-14 
5.200e-11 2.449e-14 
5.250e-11 1.813e-14 
5.300e-11 1.339e-14 
5.350e-11 9.918e-15 
5.400e-11 7.319e-15 
5.450e-11 5.420e-15 
5.500e-11 4.003e-15 
5.550e-11 2.964e-15 
5.600e-11 2.188e-15 
5.650e-11 1.622e-15 
5.700e-11 1.196e-15 
5.750e-11 8.865e-16 
5.800e-11 6.541e-16 
5.850e-11 4.845e-16 
5.900e-11 3.575e-16 
5.950e-11 2.650e-16 
6.000e-11 1.957e-16 
6.050e-11 1.447e-16 
6.100e-11 1.068e-16 
6.150e-11 7.919e-17 
6.200e-11 5.837e-17 
6.250e-11 4.327e-17 
6.300e-11 3.198e-17 
6.350e-11 2.357e-17 
6.400e-11 1.735e-17 
6.450e-11 1.296e-17 
6.500e-11 9.551e-18 
6.550e-11 6.961e-18 
6.600e-11 5.211e-18 
6.650e-11 3.813e-18 
6.700e-11 2.753e-18 
6.750e-11 2.022e-18 
6.800e-11 1.395e-18 
6.850e-11 1.085e-18 
6.900e-11 8.193e-19 
6.950e-11 5.247e-19 
7.000e-11 2.725e-19 
7.050e-11 1.885e-19 
7.100e-11 1.502e-19 
7.150e-11 1.151e-19 
7.200e-11 4.726e-20 
7.250e-11 2.440e-21 
7.300e-11 1.310e-20 
7.350e-11 7.589e-20 
7.400e-11 1.224e-19 
7.450e-11 -6.446e-20 
7.500e-11 -2.007e-19 
7.550e-11 -1.404e-19 
7.600e-11 -1.669e-21 
7.650e-11 3.673e-20 
7.700e-11 2.453e-20 
7.750e-11 3.429e-20 
7.800e-11 2.119e-20 
7.850e-11 2.286e-20 
7.900e-11 3.596e-20 
7.950e-11 2.286e-20 
8.000e-11 3.262e-20 
8.050e-11 2.857e-20 
8.100e-11 2.453e-20 
8.150e-11 2.857e-20 
8.200e-11 3.262e-20 
8.250e-11 2.286e-20 
8.300e-11 3.596e-20 
8.350e-11 2.286e-20 
8.400e-11 2.119e-20 
8.450e-11 3.429e-20 
8.500e-11 2.453e-20 
8.550e-11 2.857e-20 
8.600e-11 3.262e-20 
8.650e-11 2.286e-20 
8.700e-11 3.596e-20 
8.750e-11 3.429e-20 
8.800e-11 2.119e-20 
8.850e-11 3.429e-20 
8.900e-11 2.453e-20 
8.950e-11 2.857e-20 
9.000e-11 3.262e-20 
9.050e-11 5.059e-20 
9.100e-11 5.881e-20 
9.150e-11 -8.976e-20 
9.200e-11 2.119e-20 
9.250e-11 1.232e-19 
9.300e-11 3.052e-19 
9.350e-11 6.145e-19 
9.400e-11 9.906e-19 
9.450e-11 1.389e-18 
9.500e-11 1.962e-18 
9.550e-11 2.955e-18 
9.600e-11 4.583e-18 
9.650e-11 7.280e-18 
9.700e-11 1.194e-17 
9.750e-11 2.000e-17 
9.800e-11 3.329e-17 
9.850e-11 5.564e-17 
9.900e-11 9.143e-17 
9.950e-11 1.502e-16 
1.000e-10 2.435e-16 
1.005e-10 3.975e-16 
1.010e-10 6.435e-16 
1.015e-10 1.054e-15 
1.020e-10 1.712e-15 
1.025e-10 2.808e-15 
1.030e-10 4.560e-15 
1.035e-10 7.469e-15 
1.040e-10 1.210e-14 
1.045e-10 1.976e-14 
1.050e-10 3.186e-14 
1.055e-10 5.154e-14 
1.060e-10 8.195e-14 
1.065e-10 1.296e-13 
1.070e-10 1.996e-13 
1.075e-10 3.025e-13 
1.080e-10 4.457e-13 
1.085e-10 6.486e-13 
1.090e-10 9.349e-13 
1.095e-10 1.377e-12 
1.100e-10 2.084e-12 
1.105e-10 3.314e-12 
1.110e-10 5.406e-12 
1.115e-10 9.074e-12 
1.120e-10 1.507e-11 
1.125e-10 2.501e-11 
1.130e-10 4.051e-11 
1.135e-10 6.552e-11 
1.140e-10 1.048e-10 
1.145e-10 1.700e-10 
1.150e-10 2.740e-10 
1.155e-10 4.430e-10 
1.160e-10 6.982e-10 
1.165e-10 1.085e-09 
1.170e-10 1.650e-09 
1.175e-10 2.537e-09 
1.180e-10 3.952e-09 
1.185e-10 6.376e-09 
1.190e-10 1.036e-08 
1.195e-10 1.710e-08 
1.200e-10 2.794e-08 
1.205e-10 4.597e-08 
1.210e-10 7.476e-08 
1.215e-10 1.224e-07 
1.220e-10 1.980e-07 
1.225e-10 3.226e-07 
1.230e-10 5.192e-07 
1.235e-10 8.365e-07 
1.240e-10 1.313e-06 
1.245e-10 2.011e-06 
1.250e-10 2.958e-06 
1.255e-10 4.282e-06 
1.260e-10 6.156e-06 
1.265e-10 9.018e-06 
1.270e-10 1.350e-05 
1.275e-10 2.129e-05 
1.280e-10 3.440e-05 
1.285e-10 5.739e-05 
1.290e-10 9.537e-05 
1.295e-10 1.577e-04 
1.300e-10 2.601e-04 
1.305e-10 4.371e-04 
1.310e-10 7.105e-04 
1.315e-10 1.096e-03 
1.320e-10 9.945e-04 
1.325e-10 1.760e-04 
1.330e-10 -1.909e-04 
1.335e-10 -2.827e-05 
1.340e-10 1.228e-04 
1.345e-10 8.152e-05 
1.350e-10 7.225e-06 
1.355e-10 -1.923e-06 
1.360e-10 1.812e-05 
1.365e-10 2.152e-05 
1.370e-10 1.000e-05 
1.375e-10 2.111e-06 
1.380e-10 2.334e-06 
1.385e-10 4.338e-06 
1.390e-10 3.828e-06 
1.395e-10 1.957e-06 
1.400e-10 8.662e-07 
1.405e-10 7.799e-07 
1.410e-10 8.507e-07 
1.415e-10 6.906e-07 
1.420e-10 4.374e-07 
1.425e-10 2.661e-07 
1.430e-10 1.912e-07 
1.435e-10 1.619e-07 
1.440e-10 1.359e-07 
1.445e-10 1.029e-07 
1.450e-10 6.912e-08 
1.455e-10 4.421e-08 
1.460e-10 3.139e-08 
1.465e-10 2.693e-08 
1.470e-10 2.322e-08 
1.475e-10 1.717e-08 
1.480e-10 1.066e-08 
1.485e-10 6.526e-09 
1.490e-10 5.075e-09 
1.495e-10 4.863e-09 
1.500e-10 4.211e-09 
1.505e-10 2.783e-09 
1.510e-10 1.400e-09 
1.515e-10 8.256e-10 
1.520e-10 9.144e-10 
1.525e-10 1.041e-09 
1.530e-10 7.991e-10 
1.535e-10 3.434e-10 
1.540e-10 7.339e-11 
1.545e-10 1.210e-10 
1.550e-10 2.514e-10 
1.555e-10 2.375e-10 
1.560e-10 9.932e-11 
1.565e-10 -6.705e-12 
1.570e-10 -1.964e-12 
1.575e-10 5.573e-11 
1.580e-10 7.165e-11 
1.585e-10 3.110e-11 
1.590e-10 -8.484e-12 
1.595e-10 -7.818e-12 
1.600e-10 1.465e-11 
1.605e-10 2.467e-11 
1.610e-10 1.530e-11 
1.615e-10 5.078e-12 
1.620e-10 9.847e-12 
1.625e-10 2.768e-11 
1.630e-10 4.750e-11 
1.635e-10 6.908e-11 
1.640e-10 1.037e-10 
1.645e-10 1.689e-10 
1.650e-10 2.765e-10 
1.655e-10 4.483e-10 
1.660e-10 7.042e-10 
1.665e-10 1.092e-09 
1.670e-10 1.660e-09 
1.675e-10 2.555e-09 
1.680e-10 3.982e-09 
1.685e-10 6.425e-09 
1.690e-10 1.044e-08 
1.695e-10 1.724e-08 
1.700e-10 2.816e-08 
1.705e-10 4.633e-08 
1.710e-10 7.534e-08 
1.715e-10 1.234e-07 
1.720e-10 1.995e-07 
1.725e-10 3.251e-07 
1.730e-10 5.231e-07 
1.735e-10 8.427e-07 
1.740e-10 1.322e-06 
1.745e-10 2.024e-06 
1.750e-10 2.976e-06 
1.755e-10 4.307e-06 
1.760e-10 6.192e-06 
1.765e-10 9.073e-06 
1.770e-10 1.359e-05 
1.775e-10 2.145e-05 
1.780e-10 3.467e-05 
1.785e-10 5.785e-05 
1.790e-10 9.613e-05 
1.795e-10 1.589e-04 
1.800e-10 2.623e-04 
1.805e-10 4.405e-04 
1.810e-10 7.160e-04 
1.815e-10 1.101e-03 
1.820e-10 9.840e-04 
1.825e-10 1.650e-04 
1.830e-10 -1.910e-04 
1.835e-10 -2.478e-05 
1.840e-10 1.234e-04 
1.845e-10 8.019e-05 
1.850e-10 6.536e-06 
1.855e-10 -1.684e-06 
1.860e-10 1.837e-05 
1.865e-10 2.140e-05 
1.870e-10 9.806e-06 
1.875e-10 2.061e-06 
1.880e-10 2.373e-06 
1.885e-10 4.352e-06 
1.890e-10 3.801e-06 
1.895e-10 1.931e-06 
1.900e-10 8.591e-07 
1.905e-10 7.815e-07 
1.910e-10 8.501e-07 
1.915e-10 6.868e-07 
1.920e-10 4.338e-07 
1.925e-10 2.643e-07 
1.930e-10 1.905e-07 
1.935e-10 1.616e-07 
1.940e-10 1.354e-07 
1.945e-10 1.024e-07 
1.950e-10 6.863e-08 
1.955e-10 4.392e-08 
1.960e-10 3.128e-08 
1.965e-10 2.688e-08 
1.970e-10 2.314e-08 
1.975e-10 1.706e-08 
1.980e-10 1.057e-08 
1.985e-10 6.485e-09 
1.990e-10 5.068e-09 
1.995e-10 4.859e-09 
2.000e-10 4.193e-09 
2.005e-10 2.758e-09 
2.010e-10 1.384e-09 
2.015e-10 8.231e-10 
2.020e-10 9.181e-10 
2.025e-10 1.041e-09 
2.030e-10 7.924e-10 
2.035e-10 3.370e-10 
2.040e-10 7.197e-11 
2.045e-10 1.231e-10 
2.050e-10 2.527e-10 
2.055e-10 2.360e-10 
2.060e-10 9.694e-11 
2.065e-10 -7.485e-12 
2.070e-10 -1.143e-12 
2.075e-10 5.645e-11 
2.080e-10 7.134e-11 
2.085e-10 3.032e-11 
2.090e-10 -8.815e-12 
2.095e-10 -7.550e-12 
2.100e-10 1.497e-11 
2.105e-10 2.464e-11 
2.110e-10 1.506e-11 
2.115e-10 4.989e-12 
2.120e-10 1.001e-11 
2.125e-10 2.791e-11 
2.130e-10 4.767e-11 
2.135e-10 6.927e-11 
2.140e-10 1.041e-10 
2.145e-10 1.697e-10 
2.150e-10 2.777e-10 
2.155e-10 4.501e-10 
2.160e-10 7.070e-10 
2.165e-10 1.096e-09 
2.170e-10 1.666e-09 
2.175e-10 2.565e-09 
2.180e-10 3.998e-09 
2.185e-10 6.452e-09 
2.190e-10 1.049e-08 
2.195e-10 1.731e-08 
2.200e-10 2.828e-08 
2.205e-10 4.653e-08 
2.210e-10 7.567e-08 
2.215e-10 1.239e-07 
2.220e-10 2.004e-07 
2.225e-10 3.264e-07 
2.230e-10 5.254e-07 
2.235e-10 8.461e-07 
2.240e-10 1.327e-06 
2.245e-10 2.031e-06 
2.250e-10 2.986e-06 
2.255e-10 4.321e-06 
2.260e-10 6.213e-06 
2.265e-10 9.105e-06 
2.270e-10 1.364e-05 
2.275e-10 2.154e-05 
2.280e-10 3.482e-05 
2.285e-10 5.811e-05 
2.290e-10 9.656e-05 
2.295e-10 1.596e-04 
2.300e-10 2.635e-04 
2.305e-10 4.425e-04 
2.310e-10 7.191e-04 
2.315e-10 1.103e-03 
2.320e-10 9.780e-04 
2.325e-10 1.589e-04 
2.330e-10 -1.910e-04 
2.335e-10 -2.283e-05 
2.340e-10 1.237e-04 
2.345e-10 7.944e-05 
2.350e-10 6.158e-06 
2.355e-10 -1.546e-06 
2.360e-10 1.850e-05 
2.365e-10 2.134e-05 
2.370e-10 9.697e-06 
2.375e-10 2.034e-06 
2.380e-10 2.396e-06 
2.385e-10 4.359e-06 
2.390e-10 3.786e-06 
2.395e-10 1.917e-06 
2.400e-10 8.552e-07 
2.405e-10 7.825e-07 
2.410e-10 8.497e-07 
2.415e-10 6.846e-07 
2.420e-10 4.318e-07 
2.425e-10 2.633e-07 
2.430e-10 1.902e-07 
2.435e-10 1.614e-07 
2.440e-10 1.351e-07 
2.445e-10 1.021e-07 
2.450e-10 6.836e-08 
2.455e-10 4.375e-08 
2.460e-10 3.122e-08 
2.465e-10 2.685e-08 
2.470e-10 2.310e-08 
2.475e-10 1.700e-08 
2.480e-10 1.052e-08 
2.485e-10 6.462e-09 
2.490e-10 5.064e-09 
2.495e-10 4.856e-09 
2.500e-10 4.183e-09 
2.505e-10 2.745e-09 
2.510e-10 1.375e-09 
2.515e-10 8.218e-10 
2.520e-10 9.202e-10 
2.525e-10 1.040e-09 
2.530e-10 7.886e-10 
2.535e-10 3.334e-10 
2.540e-10 7.121e-11 
2.545e-10 1.243e-10 
2.550e-10 2.533e-10 
2.555e-10 2.351e-10 
2.560e-10 9.561e-11 
2.565e-10 -7.908e-12 
2.570e-10 -6.762e-13 
2.575e-10 5.685e-11 
2.580e-10 7.116e-11 
2.585e-10 2.989e-11 
2.590e-10 -8.994e-12 
2.595e-10 -7.395e-12 
2.600e-10 1.516e-11 
2.605e-10 2.462e-11 
2.610e-10 1.493e-11 
2.615e-10 4.959e-12 
2.620e-10 1.013e-11 
2.625e-10 2.809e-11 
2.630e-10 4.784e-11 
2.635e-10 6.950e-11 
2.640e-10 1.045e-10 
2.645e-10 1.705e-10 
2.650e-10 2.789e-10 
2.655e-10 4.520e-10 
2.660e-10 7.098e-10 
2.665e-10 1.100e-09 
2.670e-10 1.673e-09 
2.675e-10 2.575e-09 
2.680e-10 4.015e-09 
2.685e-10 6.480e-09 
2.690e-10 1.053e-08 
2.695e-10 1.739e-08 
2.700e-10 2.840e-08 
2.705e-10 4.674e-08 
2.710e-10 7.600e-08 
2.715e-10 1.244e-07 
2.720e-10 2.012e-07 
2.725e-10 3.278e-07 
2.730e-10 5.276e-07 
2.735e-10 8.496e-07 
2.740e-10 1.333e-06 
2.745e-10 2.038e-06 
2.750e-10 2.996e-06 
2.755e-10 4.335e-06 
2.760e-10 6.233e-06 
2.765e-10 9.136e-06 
2.770e-10 1.370e-05 
2.775e-10 2.163e-05 
2.780e-10 3.497e-05 
2.785e-10 5.838e-05 
2.790e-10 9.700e-05 
2.795e-10 1.603e-04 
2.800e-10 2.647e-04 
2.805e-10 4.444e-04 
2.810e-10 7.222e-04 
2.815e-10 1.106e-03 
2.820e-10 9.718e-04 
2.825e-10 1.528e-04 
2.830e-10 -1.910e-04 
2.835e-10 -2.087e-05 
2.840e-10 1.240e-04 
2.845e-10 7.869e-05 
2.850e-10 5.783e-06 
2.855e-10 -1.406e-06 
2.860e-10 1.864e-05 
2.865e-10 2.127e-05 
2.870e-10 9.589e-06 
2.875e-10 2.008e-06 
2.880e-10 2.418e-06 
2.885e-10 4.366e-06 
2.890e-10 3.770e-06 
2.895e-10 1.902e-06 
2.900e-10 8.514e-07 
2.905e-10 7.834e-07 
2.910e-10 8.493e-07 
2.915e-10 6.825e-07 
2.920e-10 4.298e-07 
2.925e-10 2.623e-07 
2.930e-10 1.898e-07 
2.935e-10 1.611e-07 
2.940e-10 1.349e-07 
2.945e-10 1.018e-07 
2.950e-10 6.810e-08 
2.955e-10 4.361e-08 
2.960e-10 3.117e-08 
2.965e-10 2.682e-08 
2.970e-10 2.304e-08 
2.975e-10 1.694e-08 
2.980e-10 1.048e-08 
2.985e-10 6.444e-09 
2.990e-10 5.061e-09 
2.995e-10 4.851e-09 
3.000e-10 4.171e-09 
3.005e-10 2.731e-09 
3.010e-10 1.367e-09 
3.015e-10 8.217e-10 
3.020e-10 9.224e-10 
3.025e-10 1.039e-09 
3.030e-10 7.841e-10 
3.035e-10 3.300e-10 
3.040e-10 7.106e-11 
3.045e-10 1.263e-10 
3.050e-10 2.534e-10 
3.055e-10 2.333e-10 
3.060e-10 9.428e-11 
3.065e-10 -7.779e-12 
3.070e-10 -1.140e-13 
3.075e-10 5.663e-11 
3.080e-10 7.015e-11 
3.085e-10 2.880e-11 
3.090e-10 -9.844e-12 
3.095e-10 -8.455e-12 
3.100e-10 1.311e-11 
3.105e-10 2.081e-11 
3.110e-10 9.275e-12 
3.115e-10 -3.960e-12 
3.120e-10 -4.826e-12 
3.125e-10 2.602e-12 
3.130e-10 6.421e-12 
3.135e-10 2.948e-12 
3.140e-10 -1.637e-12 
3.145e-10 -1.956e-12 
3.150e-10 6.275e-13 
3.155e-10 2.027e-12 
3.160e-10 9.819e-13 
3.165e-10 -6.199e-13 
3.170e-10 -8.317e-13 
3.175e-10 1.267e-13 
3.180e-10 7.279e-13 
3.185e-10 3.539e-13 
3.190e-10 -2.494e-13 
3.195e-10 -3.250e-13 
3.200e-10 2.069e-14 
3.205e-10 2.523e-13 
3.210e-10 1.414e-13 
3.215e-10 -8.765e-14 
3.220e-10 -1.409e-13 
3.225e-10 -8.413e-15 
3.230e-10 1.008e-13 
3.235e-10 6.748e-14 
3.240e-10 -2.797e-14 
3.245e-10 -6.335e-14 
3.250e-10 -2.083e-14 
3.255e-10 3.148e-14 
3.260e-10 3.602e-14 
3.265e-10 2.225e-15 
3.270e-10 -2.192e-14 
3.275e-10 -1.426e-14 
3.280e-10 5.625e-15 
3.285e-10 1.267e-14 
3.290e-10 4.077e-15 
3.295e-10 -6.315e-15 
3.300e-10 -7.087e-15 
3.305e-10 6.238e-17 
3.310e-10 5.468e-15 
3.315e-10 3.995e-15 
3.320e-10 -9.111e-16 
3.325e-10 -3.671e-15 
3.330e-10 -2.426e-15 
3.335e-10 6.783e-16 
3.340e-10 2.354e-15 
3.345e-10 1.482e-15 
3.350e-10 -3.711e-16 
3.355e-10 -1.336e-15 
3.360e-10 -9.087e-16 
3.365e-10 1.619e-16 
3.370e-10 7.697e-16 
3.375e-10 5.167e-16 
3.380e-10 -8.872e-17 
3.385e-10 -4.133e-16 
3.390e-10 -2.788e-16 
3.395e-10 5.720e-17 
3.400e-10 2.295e-16 
3.405e-10 1.317e-16 
3.410e-10 -4.842e-17 
3.415e-10 -1.167e-16 
3.420e-10 -5.445e-17 
3.425e-10 3.502e-17 
3.430e-10 5.841e-17 
3.435e-10 1.655e-17 
3.440e-10 -2.465e-17 
3.445e-10 -2.508e-17 
3.450e-10 -1.575e-18 
3.455e-10 1.376e-17 
3.460e-10 9.627e-18 
3.465e-10 -2.385e-18 
3.470e-10 -7.251e-18 
3.475e-10 -2.885e-18 
3.480e-10 2.464e-18 
3.485e-10 2.779e-18 
3.490e-10 1.866e-19 
3.495e-10 -1.480e-18 
3.500e-10 -9.749e-19 
3.505e-10 1.404e-19 
3.510e-10 5.701e-19 
3.515e-10 1.885e-19 
3.520e-10 -3.629e-19 
3.525e-10 -3.574e-19 
3.530e-10 -2.699e-21 
3.535e-10 3.101e-20 
3.540e-10 -1.165e-19 
3.545e-10 -1.485e-19 
3.550e-10 -6.138e-20 
3.555e-10 -1.059e-20 
3.560e-10 -3.981e-20 
3.565e-10 -3.917e-20 
3.570e-10 -3.853e-20 
3.575e-10 -7.018e-20 
3.580e-10 -6.266e-20 
3.585e-10 -6.202e-20 
3.590e-10 -6.138e-20 
3.595e-10 -6.202e-20 
3.600e-10 -6.266e-20 
3.605e-10 -7.589e-20 
3.610e-10 -3.853e-20 
3.615e-10 -3.917e-20 
3.620e-10 -3.981e-20 
3.625e-10 -3.917e-20 
3.630e-10 -2.222e-20 
3.635e-10 -5.631e-20 
3.640e-10 -6.266e-20 
3.645e-10 -7.589e-20 
3.650e-10 -3.853e-20 
3.655e-10 -3.917e-20 
3.660e-10 -3.981e-20 
3.665e-10 -3.917e-20 
3.670e-10 -6.626e-20 
3.675e-10 -6.446e-20 
3.680e-10 -6.266e-20 
3.685e-10 -6.202e-20 
3.690e-10 -6.138e-20 
3.695e-10 -6.202e-20 
3.700e-10 -7.897e-20 
3.705e-10 -4.488e-20 
3.710e-10 -3.853e-20 
3.715e-10 -3.917e-20 
3.720e-10 -3.981e-20 
3.725e-10 -7.018e-20 
3.730e-10 -6.138e-20 
3.735e-10 -6.202e-20 
3.740e-10 -6.266e-20 
3.745e-10 -6.202e-20 
3.750e-10 -7.281e-20 
3.755e-10 -6.202e-20 
3.760e-10 -3.981e-20 
3.765e-10 -3.917e-20 
3.770e-10 -3.853e-20 
3.775e-10 -3.345e-20 
3.780e-10 -2.838e-20 
3.785e-10 -6.202e-20 
3.790e-10 -6.138e-20 
3.795e-10 -7.589e-20 
3.800e-10 -5.123e-20 
3.805e-10 -3.917e-20 
3.810e-10 -3.853e-20 
3.815e-10 -3.917e-20 
3.820e-10 -7.409e-20 
3.825e-10 -6.202e-20 
3.830e-10 -6.138e-20 
3.835e-10 -6.202e-20 
3.840e-10 -6.266e-20 
3.845e-10 -6.774e-20 
3.850e-10 -7.281e-20 
3.855e-10 -3.917e-20 
3.860e-10 -3.981e-20 
3.865e-10 -3.917e-20 
3.870e-10 -3.853e-20 
3.875e-10 -2.530e-20 
3.880e-10 -6.266e-20 
3.885e-10 -6.202e-20 
3.890e-10 -7.281e-20 
3.895e-10 -6.202e-20 
3.900e-10 -3.981e-20 
3.905e-10 -3.917e-20 
3.910e-10 -3.853e-20 
3.915e-10 -7.018e-20 
3.920e-10 -6.266e-20 
3.925e-10 -6.202e-20 
3.930e-10 -6.138e-20 
3.935e-10 -6.202e-20 
3.940e-10 -6.266e-20 
3.945e-10 -7.589e-20 
3.950e-10 -3.853e-20 
3.955e-10 -3.917e-20 
3.960e-10 -3.981e-20 
3.965e-10 -3.917e-20 
3.970e-10 -2.222e-20 
3.975e-10 -5.631e-20 
3.980e-10 -6.266e-20 
3.985e-10 -6.774e-20 
3.990e-10 -7.281e-20 
3.995e-10 -3.917e-20 
4.000e-10 -3.981e-20 
4.005e-10 -3.917e-20 
4.010e-10 -6.626e-20 
4.015e-10 -6.446e-20 
4.020e-10 -6.266e-20 
4.025e-10 -6.202e-20 
4.030e-10 -6.138e-20 
4.035e-10 -6.202e-20 
4.040e-10 -7.897e-20 
4.045e-10 -4.488e-20 
4.050e-10 -3.853e-20 
4.055e-10 -3.917e-20 
4.060e-10 -3.981e-20 
4.065e-10 -2.530e-20 
4.070e-10 -4.996e-20 
4.075e-10 -6.202e-20 
4.080e-10 -7.897e-20 
4.085e-10 -4.488e-20 
4.090e-10 -3.853e-20 
4.095e-10 -3.917e-20 
4.100e-10 -3.981e-20 
4.105e-10 -5.303e-20 
4.110e-10 -6.626e-20 
4.115e-10 -6.202e-20 
4.120e-10 -6.266e-20 
4.125e-10 -6.202e-20 
4.130e-10 -6.138e-20 
4.135e-10 -7.589e-20 
4.140e-10 -5.123e-20 
4.145e-10 -3.917e-20 
4.150e-10 -3.853e-20 
4.155e-10 -3.917e-20 
4.160e-10 -7.409e-20 
4.165e-10 -6.202e-20 
4.170e-10 -6.138e-20 
4.175e-10 -6.202e-20 
4.180e-10 -6.266e-20 
4.185e-10 -6.774e-20 
4.190e-10 -7.281e-20 
4.195e-10 -3.917e-20 
4.200e-10 -3.981e-20 
4.205e-10 -3.917e-20 
4.210e-10 -3.853e-20 
4.215e-10 -2.530e-20 
4.220e-10 -6.266e-20 
4.225e-10 -6.202e-20 
4.230e-10 -7.281e-20 
4.235e-10 -6.202e-20 
4.240e-10 -3.981e-20 
4.245e-10 -3.917e-20 
4.250e-10 -3.853e-20 
4.255e-10 -7.018e-20 
4.260e-10 -6.266e-20 
4.265e-10 -6.202e-20 
4.270e-10 -6.138e-20 
4.275e-10 -6.202e-20 
4.280e-10 -6.266e-20 
4.285e-10 -7.589e-20 
4.290e-10 -3.853e-20 
4.295e-10 -3.917e-20 
4.300e-10 -3.981e-20 
4.305e-10 -3.917e-20 
4.310e-10 -2.222e-20 
4.315e-10 -5.631e-20 
4.320e-10 -6.266e-20 
4.325e-10 -6.774e-20 
4.330e-10 -7.281e-20 
4.335e-10 -3.917e-20 
4.340e-10 -3.981e-20 
4.345e-10 -3.917e-20 
4.350e-10 -6.626e-20 
4.355e-10 -6.446e-20 
4.360e-10 -6.266e-20 
4.365e-10 -6.202e-20 
4.370e-10 -6.138e-20 
4.375e-10 -6.202e-20 
4.380e-10 -7.897e-20 
4.385e-10 -4.488e-20 
4.390e-10 -3.853e-20 
4.395e-10 -3.917e-20 
4.400e-10 -3.981e-20 
4.405e-10 -2.530e-20 
4.410e-10 -4.996e-20 
4.415e-10 -6.202e-20 
4.420e-10 -6.266e-20 
4.425e-10 -7.589e-20 
4.430e-10 -3.853e-20 
4.435e-10 -3.917e-20 
4.440e-10 -3.981e-20 
4.445e-10 -5.303e-20 
4.450e-10 -6.626e-20 
4.455e-10 -6.202e-20 
4.460e-10 -6.266e-20 
4.465e-10 -6.202e-20 
4.470e-10 -6.138e-20 
4.475e-10 -7.589e-20 
4.480e-10 -5.123e-20 
4.485e-10 -3.917e-20 
4.490e-10 -3.853e-20 
4.495e-10 -3.917e-20 
4.500e-10 -2.838e-20 
4.505e-10 -3.917e-20 
4.510e-10 -6.138e-20 
4.515e-10 -7.589e-20 
4.520e-10 -5.123e-20 
4.525e-10 -3.917e-20 
4.530e-10 -3.853e-20 
4.535e-10 -3.917e-20 
4.540e-10 -3.981e-20 
4.545e-10 -7.018e-20 
4.550e-10 -6.138e-20 
4.555e-10 -6.202e-20 
4.560e-10 -6.266e-20 
4.565e-10 -6.202e-20 
4.570e-10 -7.281e-20 
4.575e-10 -6.202e-20 
4.580e-10 -3.981e-20 
4.585e-10 -3.917e-20 
4.590e-10 -3.853e-20 
4.595e-10 -7.018e-20 
4.600e-10 -6.266e-20 
4.605e-10 -6.202e-20 
4.610e-10 -6.138e-20 
4.615e-10 -6.202e-20 
4.620e-10 -6.266e-20 
4.625e-10 -7.589e-20 
4.630e-10 -3.853e-20 
4.635e-10 -3.917e-20 
4.640e-10 -3.981e-20 
4.645e-10 -3.917e-20 
4.650e-10 -2.222e-20 
4.655e-10 -5.631e-20 
4.660e-10 -6.266e-20 
4.665e-10 -6.774e-20 
4.670e-10 -7.281e-20 
4.675e-10 -3.917e-20 
4.680e-10 -3.981e-20 
4.685e-10 -3.917e-20 
4.690e-10 -6.626e-20 
4.695e-10 -6.446e-20 
4.700e-10 -6.266e-20 
4.705e-10 -6.202e-20 
4.710e-10 -6.138e-20 
4.715e-10 -6.202e-20 
4.720e-10 -7.897e-20 
4.725e-10 -4.488e-20 
4.730e-10 -3.853e-20 
4.735e-10 -3.917e-20 
4.740e-10 -3.981e-20 
4.745e-10 -2.530e-20 
4.750e-10 -4.996e-20 
4.755e-10 -6.202e-20 
4.760e-10 -6.266e-20 
4.765e-10 -7.589e-20 
4.770e-10 -3.853e-20 
4.775e-10 -3.917e-20 
4.780e-10 -3.981e-20 
4.785e-10 -5.303e-20 
4.790e-10 -6.626e-20 
4.795e-10 -6.202e-20 
4.800e-10 -6.266e-20 
4.805e-10 -6.202e-20 
4.810e-10 -6.138e-20 
4.815e-10 -7.589e-20 
4.820e-10 -5.123e-20 
4.825e-10 -3.917e-20 
4.830e-10 -3.853e-20 
4.835e-10 -3.917e-20 
4.840e-10 -2.838e-20 
4.845e-10 -3.917e-20 
4.850e-10 -6.138e-20 
4.855e-10 -6.202e-20 
4.860e-10 -7.897e-20 
4.865e-10 -4.488e-20 
4.870e-10 -3.853e-20 
4.875e-10 -3.917e-20 
4.880e-10 -3.981e-20 
4.885e-10 -7.018e-20 
4.890e-10 -6.138e-20 
4.895e-10 -6.202e-20 
4.900e-10 -6.266e-20 
4.905e-10 -6.202e-20 
4.910e-10 -7.281e-20 
4.915e-10 -6.202e-20 
4.920e-10 -3.981e-20 
4.925e-10 -3.917e-20 
4.930e-10 -3.853e-20 
4.935e-10 -3.345e-20 
4.940e-10 -2.838e-20 
4.945e-10 -6.202e-20 
4.950e-10 -7.281e-20 
4.955e-10 -6.202e-20 
4.960e-10 -3.981e-20 
4.965e-10 -3.917e-20 
4.970e-10 -3.853e-20 
4.975e-10 -3.917e-20 
4.980e-10 -7.409e-20 
4.985e-10 -6.202e-20 
4.990e-10 -6.138e-20 
4.995e-10 -6.202e-20 
5.000e-10 -6.266e-20 
5.005e-10 -6.774e-20 
5.010e-10 -7.281e-20 
5.015e-10 -3.917e-20 
5.020e-10 -3.981e-20 
5.025e-10 -3.917e-20 
5.030e-10 -6.626e-20 
5.035e-10 -6.446e-20 
5.040e-10 -6.266e-20 
5.045e-10 -6.202e-20 
5.050e-10 -6.138e-20 
5.055e-10 -6.202e-20 
5.060e-10 -7.897e-20 
5.065e-10 -4.488e-20 
5.070e-10 -3.853e-20 
5.075e-10 -3.917e-20 
5.080e-10 -3.981e-20 
5.085e-10 -2.530e-20 
5.090e-10 -4.996e-20 
5.095e-10 -6.202e-20 
5.100e-10 -6.266e-20 
5.105e-10 -7.589e-20 
5.110e-10 -3.853e-20 
5.115e-10 -3.917e-20 
5.120e-10 -3.981e-20 
5.125e-10 -5.303e-20 
5.130e-10 -6.626e-20 
5.135e-10 -6.202e-20 
5.140e-10 -6.266e-20 
5.145e-10 -6.202e-20 
5.150e-10 -6.138e-20 
5.155e-10 -7.589e-20 
5.160e-10 -5.123e-20 
5.165e-10 -3.917e-20 
5.170e-10 -3.853e-20 
5.175e-10 -3.917e-20 
5.180e-10 -2.838e-20 
5.185e-10 -3.917e-20 
5.190e-10 -6.138e-20 
5.195e-10 -6.202e-20 
5.200e-10 -7.897e-20 
5.205e-10 -4.488e-20 
5.210e-10 -3.853e-20 
5.215e-10 -3.917e-20 
5.220e-10 -3.981e-20 
5.225e-10 -7.018e-20 
5.230e-10 -6.138e-20 
5.235e-10 -6.202e-20 
5.240e-10 -6.266e-20 
5.245e-10 -6.202e-20 
5.250e-10 -7.281e-20 
5.255e-10 -6.202e-20 
5.260e-10 -3.981e-20 
5.265e-10 -3.917e-20 
5.270e-10 -3.853e-20 
5.275e-10 -3.345e-20 
5.280e-10 -2.838e-20 
5.285e-10 -6.202e-20 
5.290e-10 -6.138e-20 
5.295e-10 -7.589e-20 
5.300e-10 -5.123e-20 
5.305e-10 -3.917e-20 
5.310e-10 -3.853e-20 
5.315e-10 -3.917e-20 
5.320e-10 -7.409e-20 
5.325e-10 -6.202e-20 
5.330e-10 -6.138e-20 
5.335e-10 -6.202e-20 
5.340e-10 -6.266e-20 
5.345e-10 -6.774e-20 
5.350e-10 -7.281e-20 
5.355e-10 -3.917e-20 
5.360e-10 -3.981e-20 
5.365e-10 -3.917e-20 
5.370e-10 -3.853e-20 
5.375e-10 -2.530e-20 
5.380e-10 -6.266e-20 
5.385e-10 -6.774e-20 
5.390e-10 -7.281e-20 
5.395e-10 -3.917e-20 
5.400e-10 -3.981e-20 
5.405e-10 -3.917e-20 
5.410e-10 -3.853e-20 
5.415e-10 -7.018e-20 
5.420e-10 -6.266e-20 
5.425e-10 -6.202e-20 
5.430e-10 -6.138e-20 
5.435e-10 -6.202e-20 
5.440e-10 -6.266e-20 
5.445e-10 -7.589e-20 
5.450e-10 -3.853e-20 
5.455e-10 -3.917e-20 
5.460e-10 -3.981e-20 
5.465e-10 -5.303e-20 
5.470e-10 -6.626e-20 
5.475e-10 -6.202e-20 
5.480e-10 -6.266e-20 
5.485e-10 -6.202e-20 
5.490e-10 -6.138e-20 
5.495e-10 -7.589e-20 
5.500e-10 -5.123e-20 
5.505e-10 -3.917e-20 
5.510e-10 -3.853e-20 
5.515e-10 -3.917e-20 
5.520e-10 -2.838e-20 
5.525e-10 -3.917e-20 
5.530e-10 -6.138e-20 
5.535e-10 -6.202e-20 
5.540e-10 -7.897e-20 
5.545e-10 -4.488e-20 
5.550e-10 -3.853e-20 
5.555e-10 -3.917e-20 
5.560e-10 -3.981e-20 
5.565e-10 -7.018e-20 
5.570e-10 -6.138e-20 
5.575e-10 -6.202e-20 
5.580e-10 -6.266e-20 
5.585e-10 -6.202e-20 
5.590e-10 -7.281e-20 
5.595e-10 -6.202e-20 
5.600e-10 -3.981e-20 
5.605e-10 -3.917e-20 
5.610e-10 -3.853e-20 
5.615e-10 -3.345e-20 
5.620e-10 -2.838e-20 
5.625e-10 -6.202e-20 
5.630e-10 -6.138e-20 
5.635e-10 -7.589e-20 
5.640e-10 -5.123e-20 
5.645e-10 -3.917e-20 
5.650e-10 -3.853e-20 
5.655e-10 -3.917e-20 
5.660e-10 -7.409e-20 
5.665e-10 -6.202e-20 
5.670e-10 -6.138e-20 
5.675e-10 -6.202e-20 
5.680e-10 -6.266e-20 
5.685e-10 -6.774e-20 
5.690e-10 -7.281e-20 
5.695e-10 -3.917e-20 
5.700e-10 -3.981e-20 
5.705e-10 -3.917e-20 
5.710e-10 -3.853e-20 
5.715e-10 -2.530e-20 
5.720e-10 -6.266e-20 
5.725e-10 -6.202e-20 
5.730e-10 -7.281e-20 
5.735e-10 -6.202e-20 
5.740e-10 -3.981e-20 
5.745e-10 -3.917e-20 
5.750e-10 -3.853e-20 
5.755e-10 -7.018e-20 
5.760e-10 -6.266e-20 
5.765e-10 -6.202e-20 
5.770e-10 -6.138e-20 
5.775e-10 -6.202e-20 
5.780e-10 -6.266e-20 
5.785e-10 -7.589e-20 
5.790e-10 -3.853e-20 
5.795e-10 -3.917e-20 
5.800e-10 -3.981e-20 
5.805e-10 -3.917e-20 
5.810e-10 -2.222e-20 
5.815e-10 -5.631e-20 
5.820e-10 -6.266e-20 
5.825e-10 -7.589e-20 
5.830e-10 -3.853e-20 
5.835e-10 -3.917e-20 
5.840e-10 -3.981e-20 
5.845e-10 -3.917e-20 
5.850e-10 -6.626e-20 
5.855e-10 -6.446e-20 
5.860e-10 -6.266e-20 
5.865e-10 -6.202e-20 
5.870e-10 -6.138e-20 
5.875e-10 -6.202e-20 
5.880e-10 -7.897e-20 
5.885e-10 -4.488e-20 
5.890e-10 -3.853e-20 
5.895e-10 -3.917e-20 
5.900e-10 -3.981e-20 
5.905e-10 -7.018e-20 
5.910e-10 -6.138e-20 
5.915e-10 -6.202e-20 
5.920e-10 -6.266e-20 
5.925e-10 -6.202e-20 
5.930e-10 -7.281e-20 
5.935e-10 -6.202e-20 
5.940e-10 -3.981e-20 
5.945e-10 -3.917e-20 
5.950e-10 -3.853e-20 
5.955e-10 -3.345e-20 
5.960e-10 -2.838e-20 
5.965e-10 -6.202e-20 
5.970e-10 -6.138e-20 
5.975e-10 -7.589e-20 
5.980e-10 -5.123e-20 
5.985e-10 -3.917e-20 
5.990e-10 -3.853e-20 
5.995e-10 -3.917e-20 
6.000e-10 -7.409e-20 
6.005e-10 -6.202e-20 
6.010e-10 -6.138e-20 
6.015e-10 -6.202e-20 
6.020e-10 -6.266e-20 
6.025e-10 -6.774e-20 
6.030e-10 -7.281e-20 
6.035e-10 -3.917e-20 
6.040e-10 -3.981e-20 
6.045e-10 -3.917e-20 
6.050e-10 -3.853e-20 
6.055e-10 -2.530e-20 
6.060e-10 -6.266e-20 
6.065e-10 -6.202e-20 
6.070e-10 -7.281e-20 
6.075e-10 -6.202e-20 
6.080e-10 -3.981e-20 
6.085e-10 -3.917e-20 
6.090e-10 -3.853e-20 
6.095e-10 -7.018e-20 
6.100e-10 -6.266e-20 
6.105e-10 -6.202e-20 
6.110e-10 -6.138e-20 
6.115e-10 -6.202e-20 
6.120e-10 -6.266e-20 
6.125e-10 -7.589e-20 
6.130e-10 -3.853e-20 
6.135e-10 -3.917e-20 
6.140e-10 -3.981e-20 
6.145e-10 -3.917e-20 
6.150e-10 -2.222e-20 
6.155e-10 -5.631e-20 
6.160e-10 -6.266e-20 
6.165e-10 -6.774e-20 
6.170e-10 -7.281e-20 
6.175e-10 -3.917e-20 
6.180e-10 -3.981e-20 
6.185e-10 -3.917e-20 
6.190e-10 -6.626e-20 
6.195e-10 -6.446e-20 
6.200e-10 -6.266e-20 
6.205e-10 -6.202e-20 
6.210e-10 -6.138e-20 
6.215e-10 -6.202e-20 
6.220e-10 -7.897e-20 
6.225e-10 -4.488e-20 
6.230e-10 -3.853e-20 
6.235e-10 -3.917e-20 
6.240e-10 -3.981e-20 
6.245e-10 -2.530e-20 
6.250e-10 -4.996e-20 
6.255e-10 -6.202e-20 
6.260e-10 -7.897e-20 
6.265e-10 -4.488e-20 
6.270e-10 -3.853e-20 
6.275e-10 -3.917e-20 
6.280e-10 -3.981e-20 
6.285e-10 -5.303e-20 
6.290e-10 -6.626e-20 
6.295e-10 -6.202e-20 
6.300e-10 -6.266e-20 
6.305e-10 -6.202e-20 
6.310e-10 -6.138e-20 
6.315e-10 -7.589e-20 
6.320e-10 -5.123e-20 
6.325e-10 -3.917e-20 
6.330e-10 -3.853e-20 
6.335e-10 -3.917e-20 
6.340e-10 -7.409e-20 
6.345e-10 -6.202e-20 
6.350e-10 -6.138e-20 
6.355e-10 -6.202e-20 
6.360e-10 -6.266e-20 
6.365e-10 -6.774e-20 
6.370e-10 -7.281e-20 
6.375e-10 -3.917e-20 
6.380e-10 -3.981e-20 
6.385e-10 -3.917e-20 
6.390e-10 -3.853e-20 
6.395e-10 -2.530e-20 
6.400e-10 -6.266e-20 
6.405e-10 -6.202e-20 
6.410e-10 -7.281e-20 
6.415e-10 -6.202e-20 
6.420e-10 -3.981e-20 
6.425e-10 -3.917e-20 
6.430e-10 -3.853e-20 
6.435e-10 -7.018e-20 
6.440e-10 -6.266e-20 
6.445e-10 -6.202e-20 
6.450e-10 -6.138e-20 
6.455e-10 -6.202e-20 
6.460e-10 -6.266e-20 
6.465e-10 -7.589e-20 
6.470e-10 -3.853e-20 
6.475e-10 -3.917e-20 
6.480e-10 -3.981e-20 
6.485e-10 -3.917e-20 
6.490e-10 -2.222e-20 
6.495e-10 -5.631e-20 
6.500e-10 -6.266e-20 
6.505e-10 -6.774e-20 
6.510e-10 -7.281e-20 
6.515e-10 -3.917e-20 
6.520e-10 -3.981e-20 
6.525e-10 -3.917e-20 
6.530e-10 -6.626e-20 
6.535e-10 -6.446e-20 
6.540e-10 -6.266e-20 
6.545e-10 -6.202e-20 
6.550e-10 -6.138e-20 
6.555e-10 -6.202e-20 
6.560e-10 -7.897e-20 
6.565e-10 -4.488e-20 
6.570e-10 -3.853e-20 
6.575e-10 -3.917e-20 
6.580e-10 -3.981e-20 
6.585e-10 -2.530e-20 
6.590e-10 -4.996e-20 
6.595e-10 -6.202e-20 
6.600e-10 -6.266e-20 
6.605e-10 -7.589e-20 
6.610e-10 -3.853e-20 
6.615e-10 -3.917e-20 
6.620e-10 -3.981e-20 
6.625e-10 -5.303e-20 
6.630e-10 -6.626e-20 
6.635e-10 -6.202e-20 
6.640e-10 -6.266e-20 
6.645e-10 -6.202e-20 
6.650e-10 -6.138e-20 
6.655e-10 -7.589e-20 
6.660e-10 -5.123e-20 
6.665e-10 -3.917e-20 
6.670e-10 -3.853e-20 
6.675e-10 -3.917e-20 
6.680e-10 -2.838e-20 
6.685e-10 -3.917e-20 
6.690e-10 -6.138e-20 
6.695e-10 -7.589e-20 
6.700e-10 -5.123e-20 
6.705e-10 -3.917e-20 
6.710e-10 -3.853e-20 
6.715e-10 -3.917e-20 
6.720e-10 -3.981e-20 
6.725e-10 -7.018e-20 
6.730e-10 -6.138e-20 
6.735e-10 -6.202e-20 
6.740e-10 -6.266e-20 
6.745e-10 -6.202e-20 
6.750e-10 -7.281e-20 
6.755e-10 -6.202e-20 
6.760e-10 -3.981e-20 
6.765e-10 -3.917e-20 
6.770e-10 -3.853e-20 
6.775e-10 -7.018e-20 
6.780e-10 -6.266e-20 
6.785e-10 -6.202e-20 
6.790e-10 -6.138e-20 
6.795e-10 -6.202e-20 
6.800e-10 -6.266e-20 
6.805e-10 -7.589e-20 
6.810e-10 -3.853e-20 
6.815e-10 -3.917e-20 
6.820e-10 -3.981e-20 
6.825e-10 -3.917e-20 
6.830e-10 -2.222e-20 
6.835e-10 -5.631e-20 
6.840e-10 -6.266e-20 
6.845e-10 -6.774e-20 
6.850e-10 -7.281e-20 
6.855e-10 -3.917e-20 
6.860e-10 -3.981e-20 
6.865e-10 -3.917e-20 
6.870e-10 -6.626e-20 
6.875e-10 -6.446e-20 
6.880e-10 -6.266e-20 
6.885e-10 -6.202e-20 
6.890e-10 -6.138e-20 
6.895e-10 -6.202e-20 
6.900e-10 -7.897e-20 
6.905e-10 -4.488e-20 
6.910e-10 -3.853e-20 
6.915e-10 -3.917e-20 
6.920e-10 -3.981e-20 
6.925e-10 -2.530e-20 
6.930e-10 -4.996e-20 
6.935e-10 -6.202e-20 
6.940e-10 -6.266e-20 
6.945e-10 -7.589e-20 
6.950e-10 -3.853e-20 
6.955e-10 -3.917e-20 
6.960e-10 -3.981e-20 
6.965e-10 -5.303e-20 
6.970e-10 -6.626e-20 
6.975e-10 -6.202e-20 
6.980e-10 -6.266e-20 
6.985e-10 -6.202e-20 
6.990e-10 -6.138e-20 
6.995e-10 -7.589e-20 
7.000e-10 -5.123e-20 
7.005e-10 -3.917e-20 
7.010e-10 -3.853e-20 
7.015e-10 -3.917e-20 
7.020e-10 -2.838e-20 
7.025e-10 -3.917e-20 
7.030e-10 -6.138e-20 
7.035e-10 -6.202e-20 
7.040e-10 -7.897e-20 
7.045e-10 -4.488e-20 
7.050e-10 -3.853e-20 
7.055e-10 -3.917e-20 
7.060e-10 -3.981e-20 
7.065e-10 -7.018e-20 
7.070e-10 -6.138e-20 
7.075e-10 -6.202e-20 
7.080e-10 -6.266e-20 
7.085e-10 -6.202e-20 
7.090e-10 -7.281e-20 
7.095e-10 -6.202e-20 
7.100e-10 -3.981e-20 
7.105e-10 -3.917e-20 
7.110e-10 -3.853e-20 
7.115e-10 -3.345e-20 
7.120e-10 -2.838e-20 
7.125e-10 -6.202e-20 
7.130e-10 -7.281e-20 
7.135e-10 -6.202e-20 
7.140e-10 -3.981e-20 
7.145e-10 -3.917e-20 
7.150e-10 -3.853e-20 
7.155e-10 -3.917e-20 
7.160e-10 -7.409e-20 
7.165e-10 -6.202e-20 
7.170e-10 -6.138e-20 
7.175e-10 -6.202e-20 
7.180e-10 -6.266e-20 
7.185e-10 -6.774e-20 
7.190e-10 -7.281e-20 
7.195e-10 -3.917e-20 
7.200e-10 -3.981e-20 
7.205e-10 -3.917e-20 
7.210e-10 -6.626e-20 
7.215e-10 -6.446e-20 
7.220e-10 -6.266e-20 
7.225e-10 -6.202e-20 
7.230e-10 -6.138e-20 
7.235e-10 -6.202e-20 
7.240e-10 -7.897e-20 
7.245e-10 -4.488e-20 
7.250e-10 -3.853e-20 
7.255e-10 -3.917e-20 
7.260e-10 -3.981e-20 
7.265e-10 -2.530e-20 
7.270e-10 -4.996e-20 
7.275e-10 -6.202e-20 
7.280e-10 -6.266e-20 
7.285e-10 -7.589e-20 
7.290e-10 -3.853e-20 
7.295e-10 -3.917e-20 
7.300e-10 -3.981e-20 
7.305e-10 -5.303e-20 
7.310e-10 -6.626e-20 
7.315e-10 -6.202e-20 
7.320e-10 -6.266e-20 
7.325e-10 -6.202e-20 
7.330e-10 -6.138e-20 
7.335e-10 -7.589e-20 
7.340e-10 -5.123e-20 
7.345e-10 -3.917e-20 
7.350e-10 -3.853e-20 
7.355e-10 -3.917e-20 
7.360e-10 -2.838e-20 
7.365e-10 -3.917e-20 
7.370e-10 -6.138e-20 
7.375e-10 -6.202e-20 
7.380e-10 -7.897e-20 
7.385e-10 -4.488e-20 
7.390e-10 -3.853e-20 
7.395e-10 -3.917e-20 
7.400e-10 -3.981e-20 
7.405e-10 -7.018e-20 
7.410e-10 -6.138e-20 
7.415e-10 -6.202e-20 
7.420e-10 -6.266e-20 
7.425e-10 -6.202e-20 
7.430e-10 -7.281e-20 
7.435e-10 -6.202e-20 
7.440e-10 -3.981e-20 
7.445e-10 -3.917e-20 
7.450e-10 -3.853e-20 
7.455e-10 -3.345e-20 
7.460e-10 -2.838e-20 
7.465e-10 -6.202e-20 
7.470e-10 -6.138e-20 
7.475e-10 -7.589e-20 
7.480e-10 -5.123e-20 
7.485e-10 -3.917e-20 
7.490e-10 -3.853e-20 
7.495e-10 -3.917e-20 
7.500e-10 -7.409e-20 
7.505e-10 -6.202e-20 
7.510e-10 -6.138e-20 
7.515e-10 -6.202e-20 
7.520e-10 -6.266e-20 
7.525e-10 -6.774e-20 
7.530e-10 -7.281e-20 
7.535e-10 -3.917e-20 
7.540e-10 -3.981e-20 
7.545e-10 -3.917e-20 
7.550e-10 -3.853e-20 
7.555e-10 -2.530e-20 
7.560e-10 -6.266e-20 
7.565e-10 -6.774e-20 
7.570e-10 -7.281e-20 
7.575e-10 -3.917e-20 
7.580e-10 -3.981e-20 
7.585e-10 -3.917e-20 
7.590e-10 -3.853e-20 
7.595e-10 -7.018e-20 
7.600e-10 -6.266e-20 
7.605e-10 -6.202e-20 
7.610e-10 -6.138e-20 
7.615e-10 -6.202e-20 
7.620e-10 -6.266e-20 
7.625e-10 -7.589e-20 
7.630e-10 -3.853e-20 
7.635e-10 -3.917e-20 
7.640e-10 -3.981e-20 
7.645e-10 -5.303e-20 
7.650e-10 -6.626e-20 
7.655e-10 -6.202e-20 
7.660e-10 -6.266e-20 
7.665e-10 -6.202e-20 
7.670e-10 -6.138e-20 
7.675e-10 -7.589e-20 
7.680e-10 -5.123e-20 
7.685e-10 -3.917e-20 
7.690e-10 -3.853e-20 
7.695e-10 -3.917e-20 
7.700e-10 -2.838e-20 
7.705e-10 -3.917e-20 
7.710e-10 -6.138e-20 
7.715e-10 -6.202e-20 
7.720e-10 -7.897e-20 
7.725e-10 -4.488e-20 
7.730e-10 -3.853e-20 
7.735e-10 -3.917e-20 
7.740e-10 -3.981e-20 
7.745e-10 -7.018e-20 
7.750e-10 -6.138e-20 
7.755e-10 -6.202e-20 
7.760e-10 -6.266e-20 
7.765e-10 -6.202e-20 
7.770e-10 -7.281e-20 
7.775e-10 -6.202e-20 
7.780e-10 -3.981e-20 
7.785e-10 -3.917e-20 
7.790e-10 -3.853e-20 
7.795e-10 -3.345e-20 
7.800e-10 -2.838e-20 
7.805e-10 -6.202e-20 
7.810e-10 -6.138e-20 
7.815e-10 -7.589e-20 
7.820e-10 -5.123e-20 
7.825e-10 -3.917e-20 
7.830e-10 -3.853e-20 
7.835e-10 -3.917e-20 
7.840e-10 -7.409e-20 
7.845e-10 -6.202e-20 
7.850e-10 -6.138e-20 
7.855e-10 -6.202e-20 
7.860e-10 -6.266e-20 
7.865e-10 -6.774e-20 
7.870e-10 -7.281e-20 
7.875e-10 -3.917e-20 
7.880e-10 -3.981e-20 
7.885e-10 -3.917e-20 
7.890e-10 -3.853e-20 
7.895e-10 -2.530e-20 
7.900e-10 -6.266e-20 
7.905e-10 -6.202e-20 
7.910e-10 -7.281e-20 
7.915e-10 -6.202e-20 
7.920e-10 -3.981e-20 
7.925e-10 -3.917e-20 
7.930e-10 -3.853e-20 
7.935e-10 -7.018e-20 
7.940e-10 -6.266e-20 
7.945e-10 -6.202e-20 
7.950e-10 -6.138e-20 
7.955e-10 -6.202e-20 
7.960e-10 -6.266e-20 
7.965e-10 -7.589e-20 
7.970e-10 -3.853e-20 
7.975e-10 -3.917e-20 
7.980e-10 -3.981e-20 
7.985e-10 -3.917e-20 
7.990e-10 -2.222e-20 
7.995e-10 -5.631e-20 
8.000e-10 -6.266e-20 
8.005e-10 -7.589e-20 
8.010e-10 -3.853e-20 
8.015e-10 -3.917e-20 
8.020e-10 -3.981e-20 
8.025e-10 -3.917e-20 
8.030e-10 -6.626e-20 
8.035e-10 -6.446e-20 
8.040e-10 -6.266e-20 
8.045e-10 -6.202e-20 
8.050e-10 -6.138e-20 
8.055e-10 -6.202e-20 
8.060e-10 -7.897e-20 
8.065e-10 -4.488e-20 
8.070e-10 -3.853e-20 
8.075e-10 -3.917e-20 
8.080e-10 -3.981e-20 
8.085e-10 -7.018e-20 
8.090e-10 -6.138e-20 
8.095e-10 -6.202e-20 
8.100e-10 -6.266e-20 
8.105e-10 -6.202e-20 
8.110e-10 -7.281e-20 
8.115e-10 -6.202e-20 
8.120e-10 -3.981e-20 
8.125e-10 -3.917e-20 
8.130e-10 -3.853e-20 
8.135e-10 -3.345e-20 
8.140e-10 -2.838e-20 
8.145e-10 -6.202e-20 
8.150e-10 -6.138e-20 
8.155e-10 -7.589e-20 
8.160e-10 -5.123e-20 
8.165e-10 -3.917e-20 
8.170e-10 -3.853e-20 
8.175e-10 -3.917e-20 
8.180e-10 -7.409e-20 
8.185e-10 -6.202e-20 
8.190e-10 -6.138e-20 
8.195e-10 -6.202e-20 
8.200e-10 -6.266e-20 
8.205e-10 -6.774e-20 
8.210e-10 -7.281e-20 
8.215e-10 -3.917e-20 
8.220e-10 -3.981e-20 
8.225e-10 -3.917e-20 
8.230e-10 -3.853e-20 
8.235e-10 -2.530e-20 
8.240e-10 -6.266e-20 
8.245e-10 -6.202e-20 
8.250e-10 -7.281e-20 
8.255e-10 -6.202e-20 
8.260e-10 -3.981e-20 
8.265e-10 -3.917e-20 
8.270e-10 -3.853e-20 
8.275e-10 -7.018e-20 
8.280e-10 -6.266e-20 
8.285e-10 -6.202e-20 
8.290e-10 -6.138e-20 
8.295e-10 -6.202e-20 
8.300e-10 -6.266e-20 
8.305e-10 -7.589e-20 
8.310e-10 -3.853e-20 
8.315e-10 -3.917e-20 
8.320e-10 -3.981e-20 
8.325e-10 -3.917e-20 
8.330e-10 -2.222e-20 
8.335e-10 -5.631e-20 
8.340e-10 -6.266e-20 
8.345e-10 -6.774e-20 
8.350e-10 -7.281e-20 
8.355e-10 -3.917e-20 
8.360e-10 -3.981e-20 
8.365e-10 -3.917e-20 
8.370e-10 -6.626e-20 
8.375e-10 -6.446e-20 
8.380e-10 -6.266e-20 
8.385e-10 -6.202e-20 
8.390e-10 -6.138e-20 
8.395e-10 -6.202e-20 
8.400e-10 -7.897e-20 
8.405e-10 -4.488e-20 
8.410e-10 -3.853e-20 
8.415e-10 -3.917e-20 
8.420e-10 -3.981e-20 
8.425e-10 -2.530e-20 
8.430e-10 -4.996e-20 
8.435e-10 -6.202e-20 
8.440e-10 -7.897e-20 
8.445e-10 -4.488e-20 
8.450e-10 -3.853e-20 
8.455e-10 -3.917e-20 
8.460e-10 -3.981e-20 
8.465e-10 -5.303e-20 
8.470e-10 -6.626e-20 
8.475e-10 -6.202e-20 
8.480e-10 -6.266e-20 
8.485e-10 -6.202e-20 
8.490e-10 -6.138e-20 
8.495e-10 -7.589e-20 
8.500e-10 -5.123e-20 
8.505e-10 -3.917e-20 
8.510e-10 -3.853e-20 
8.515e-10 -3.917e-20 
8.520e-10 -7.409e-20 
8.525e-10 -6.202e-20 
8.530e-10 -6.138e-20 
8.535e-10 -6.202e-20 
8.540e-10 -6.266e-20 
8.545e-10 -6.774e-20 
8.550e-10 -7.281e-20 
8.555e-10 -3.917e-20 
8.560e-10 -3.981e-20 
8.565e-10 -3.917e-20 
8.570e-10 -3.853e-20 
8.575e-10 -2.530e-20 
8.580e-10 -6.266e-20 
8.585e-10 -6.202e-20 
8.590e-10 -7.281e-20 
8.595e-10 -6.202e-20 
8.600e-10 -3.981e-20 
8.605e-10 -3.917e-20 
8.610e-10 -3.853e-20 
8.615e-10 -7.018e-20 
8.620e-10 -6.266e-20 
8.625e-10 -6.202e-20 
8.630e-10 -6.138e-20 
8.635e-10 -6.202e-20 
8.640e-10 -6.266e-20 
8.645e-10 -7.589e-20 
8.650e-10 -3.853e-20 
8.655e-10 -3.917e-20 
8.660e-10 -3.981e-20 
8.665e-10 -3.917e-20 
8.670e-10 -2.222e-20 
8.675e-10 -5.631e-20 
8.680e-10 -6.266e-20 
8.685e-10 -6.774e-20 
8.690e-10 -7.281e-20 
8.695e-10 -3.917e-20 
8.700e-10 -3.981e-20 
8.705e-10 -3.917e-20 
8.710e-10 -6.626e-20 
8.715e-10 -6.446e-20 
8.720e-10 -6.266e-20 
8.725e-10 -6.202e-20 
8.730e-10 -6.138e-20 
8.735e-10 -6.202e-20 
8.740e-10 -7.897e-20 
8.745e-10 -4.488e-20 
8.750e-10 -3.853e-20 
8.755e-10 -3.917e-20 
8.760e-10 -3.981e-20 
8.765e-10 -2.530e-20 
8.770e-10 -4.996e-20 
8.775e-10 -6.202e-20 
8.780e-10 -6.266e-20 
8.785e-10 -7.589e-20 
8.790e-10 -3.853e-20 
8.795e-10 -3.917e-20 
8.800e-10 -3.981e-20 
8.805e-10 -5.303e-20 
8.810e-10 -6.626e-20 
8.815e-10 -6.202e-20 
8.820e-10 -6.266e-20 
8.825e-10 -6.202e-20 
8.830e-10 -6.138e-20 
8.835e-10 -7.589e-20 
8.840e-10 -5.123e-20 
8.845e-10 -3.917e-20 
8.850e-10 -3.853e-20 
8.855e-10 -3.917e-20 
8.860e-10 -2.838e-20 
8.865e-10 -3.917e-20 
8.870e-10 -6.138e-20 
8.875e-10 -7.589e-20 
8.880e-10 -5.123e-20 
8.885e-10 -3.917e-20 
8.890e-10 -3.853e-20 
8.895e-10 -3.917e-20 
8.900e-10 -3.981e-20 
8.905e-10 -7.018e-20 
8.910e-10 -6.138e-20 
8.915e-10 -6.202e-20 
8.920e-10 -6.266e-20 
8.925e-10 -6.202e-20 
8.930e-10 -7.281e-20 
8.935e-10 -6.202e-20 
8.940e-10 -3.981e-20 
8.945e-10 -3.917e-20 
8.950e-10 -3.853e-20 
8.955e-10 -7.018e-20 
8.960e-10 -6.266e-20 
8.965e-10 -6.202e-20 
8.970e-10 -6.138e-20 
8.975e-10 -6.202e-20 
8.980e-10 -6.266e-20 
8.985e-10 -7.589e-20 
8.990e-10 -3.853e-20 
8.995e-10 -3.917e-20 
9.000e-10 -3.981e-20 
9.005e-10 -3.917e-20 
9.010e-10 -2.222e-20 
9.015e-10 -5.631e-20 
9.020e-10 -6.266e-20 
9.025e-10 -6.774e-20 
9.030e-10 -7.281e-20 
9.035e-10 -3.917e-20 
9.040e-10 -3.981e-20 
9.045e-10 -3.917e-20 
9.050e-10 -6.626e-20 
9.055e-10 -6.446e-20 
9.060e-10 -6.266e-20 
9.065e-10 -6.202e-20 
9.070e-10 -6.138e-20 
9.075e-10 -6.202e-20 
9.080e-10 -7.897e-20 
9.085e-10 -4.488e-20 
9.090e-10 -3.853e-20 
9.095e-10 -3.917e-20 
9.100e-10 -3.981e-20 
9.105e-10 -2.530e-20 
9.110e-10 -4.996e-20 
9.115e-10 -6.202e-20 
9.120e-10 -6.266e-20 
9.125e-10 -7.589e-20 
9.130e-10 -3.853e-20 
9.135e-10 -3.917e-20 
9.140e-10 -3.981e-20 
9.145e-10 -5.303e-20 
9.150e-10 -6.626e-20 
9.155e-10 -6.202e-20 
9.160e-10 -6.266e-20 
9.165e-10 -6.202e-20 
9.170e-10 -6.138e-20 
9.175e-10 -7.589e-20 
9.180e-10 -5.123e-20 
9.185e-10 -3.917e-20 
9.190e-10 -3.853e-20 
9.195e-10 -3.917e-20 
9.200e-10 -2.838e-20 
9.205e-10 -3.917e-20 
9.210e-10 -6.138e-20 
9.215e-10 -6.202e-20 
9.220e-10 -7.897e-20 
9.225e-10 -4.488e-20 
9.230e-10 -3.853e-20 
9.235e-10 -3.917e-20 
9.240e-10 -3.981e-20 
9.245e-10 -7.018e-20 
9.250e-10 -6.138e-20 
9.255e-10 -6.202e-20 
9.260e-10 -6.266e-20 
9.265e-10 -6.202e-20 
9.270e-10 -7.281e-20 
9.275e-10 -6.202e-20 
9.280e-10 -3.981e-20 
9.285e-10 -3.917e-20 
9.290e-10 -3.853e-20 
9.295e-10 -3.345e-20 
9.300e-10 -2.838e-20 
9.305e-10 -6.202e-20 
9.310e-10 -7.281e-20 
9.315e-10 -6.202e-20 
9.320e-10 -3.981e-20 
9.325e-10 -3.917e-20 
9.330e-10 -3.853e-20 
9.335e-10 -3.917e-20 
9.340e-10 -7.409e-20 
9.345e-10 -6.202e-20 
9.350e-10 -6.138e-20 
9.355e-10 -6.202e-20 
9.360e-10 -6.266e-20 
9.365e-10 -6.774e-20 
9.370e-10 -7.281e-20 
9.375e-10 -3.917e-20 
9.380e-10 -3.981e-20 
9.385e-10 -3.917e-20 
9.390e-10 -6.626e-20 
9.395e-10 -6.446e-20 
9.400e-10 -6.266e-20 
9.405e-10 -6.202e-20 
9.410e-10 -6.138e-20 
9.415e-10 -6.202e-20 
9.420e-10 -7.897e-20 
9.425e-10 -4.488e-20 
9.430e-10 -3.853e-20 
9.435e-10 -3.917e-20 
9.440e-10 -3.981e-20 
9.445e-10 -2.530e-20 
9.450e-10 -4.996e-20 
9.455e-10 -6.202e-20 
9.460e-10 -6.266e-20 
9.465e-10 -7.589e-20 
9.470e-10 -3.853e-20 
9.475e-10 -3.917e-20 
9.480e-10 -3.981e-20 
9.485e-10 -5.303e-20 
9.490e-10 -6.626e-20 
9.495e-10 -6.202e-20 
9.500e-10 -6.266e-20 
9.505e-10 -6.202e-20 
9.510e-10 -6.138e-20 
9.515e-10 -7.589e-20 
9.520e-10 -5.123e-20 
9.525e-10 -3.917e-20 
9.530e-10 -3.853e-20 
9.535e-10 -3.917e-20 
9.540e-10 -2.838e-20 
9.545e-10 -3.917e-20 
9.550e-10 -6.138e-20 
9.555e-10 -6.202e-20 
9.560e-10 -7.897e-20 
9.565e-10 -4.488e-20 
9.570e-10 -3.853e-20 
9.575e-10 -3.917e-20 
9.580e-10 -3.981e-20 
9.585e-10 -7.018e-20 
9.590e-10 -6.138e-20 
9.595e-10 -6.202e-20 
9.600e-10 -6.266e-20 
9.605e-10 -6.202e-20 
9.610e-10 -7.281e-20 
9.615e-10 -6.202e-20 
9.620e-10 -3.981e-20 
9.625e-10 -3.917e-20 
9.630e-10 -3.853e-20 
9.635e-10 -3.345e-20 
9.640e-10 -2.838e-20 
9.645e-10 -6.202e-20 
9.650e-10 -6.138e-20 
9.655e-10 -7.589e-20 
9.660e-10 -5.123e-20 
9.665e-10 -3.917e-20 
9.670e-10 -3.853e-20 
9.675e-10 -3.917e-20 
9.680e-10 -7.409e-20 
9.685e-10 -6.202e-20 
9.690e-10 -6.138e-20 
9.695e-10 -6.202e-20 
9.700e-10 -6.266e-20 
9.705e-10 -6.774e-20 
9.710e-10 -7.281e-20 
9.715e-10 -3.917e-20 
9.720e-10 -3.981e-20 
9.725e-10 -3.917e-20 
9.730e-10 -3.853e-20 
9.735e-10 -2.530e-20 
9.740e-10 -6.266e-20 
9.745e-10 -6.774e-20 
9.750e-10 -7.281e-20 
9.755e-10 -3.917e-20 
9.760e-10 -3.981e-20 
9.765e-10 -3.917e-20 
9.770e-10 -3.853e-20 
9.775e-10 -7.018e-20 
9.780e-10 -6.266e-20 
9.785e-10 -6.202e-20 
9.790e-10 -6.138e-20 
9.795e-10 -6.202e-20 
9.800e-10 -6.266e-20 
9.805e-10 -7.589e-20 
9.810e-10 -3.853e-20 
9.815e-10 -3.917e-20 
9.820e-10 -3.981e-20 
9.825e-10 -5.303e-20 
9.830e-10 -6.626e-20 
9.835e-10 -6.202e-20 
9.840e-10 -6.266e-20 
9.845e-10 -6.202e-20 
9.850e-10 -6.138e-20 
9.855e-10 -7.589e-20 
9.860e-10 -5.123e-20 
9.865e-10 -3.917e-20 
9.870e-10 -3.853e-20 
9.875e-10 -3.917e-20 
9.880e-10 -2.838e-20 
9.885e-10 -3.917e-20 
9.890e-10 -6.138e-20 
9.895e-10 -6.202e-20 
9.900e-10 -7.897e-20 
9.905e-10 -4.488e-20 
9.910e-10 -3.853e-20 
9.915e-10 -3.917e-20 
9.920e-10 -3.981e-20 
9.925e-10 -7.018e-20 
9.930e-10 -6.138e-20 
9.935e-10 -6.202e-20 
9.940e-10 -6.266e-20 
9.945e-10 -6.202e-20 
9.950e-10 -7.281e-20 
9.955e-10 -6.202e-20 
9.960e-10 -3.981e-20 
9.965e-10 -3.917e-20 
9.970e-10 -3.853e-20 
9.975e-10 -3.345e-20 
9.980e-10 -2.838e-20 
9.985e-10 -6.202e-20 
9.990e-10 -6.138e-20 
9.995e-10 -7.589e-20 
